32
0.9 0.0 0.0
0.2523141 0.557391 0.6600389999999999
0.525432 0.681762 0.262914
0.572235 0.6945840000000001 0.01003131
0.15706199999999998 0.1603524 0.87156
0.7327980000000001 0.2389353 0.46467
0.612822 0.1093491 0.649995
0.2539035 0.8376060000000001 0.2096457
0.589221 0.1341882 0.666942
0.8066249999999999 0.364554 0.1626555
0.12383849999999999 0.8097989999999999 0.372678
0.8306340000000001 0.0808356 0.336918
0.2545401 0.146535 0.8507279999999999
0.820815 0.36695099999999997 0.040131
0.431106 0.24743340000000003 0.7502819999999999
0.368091 0.7352219999999999 0.36600299999999997
0.810474 0.2370363 0.31136400000000003
0.8870070000000001 0.1111944 0.1041936
0.5031 0.581385 0.46785
0.367464 0.1869972 0.800001
0.032852400000000004 0.777114 0.452784
0.0375168 0.20318730000000002 0.875961
0.20334599999999997 0.872142 0.089544
0.2023689 0.876807 0.0159573
0.6620820000000001 0.449688 0.41161499999999995
0.443913 0.483939 0.6154229999999999
0.679128 0.2465748 0.536643
0.738822 0.49425300000000005 0.1409148
0.549408 0.604395 0.37796399999999997
0.351363 0.4707 0.681897
0.1587132 0.552171 0.6927599999999999
0.440337 0.777123 0.1103742
